                      Raw    Direct  Typeable      Data       SYB
       simplify      2.17      1.00      4.17      4.00      5.83      0.09
      variables      1.00      1.60      8.60      7.40     14.60      0.08
          zeros      1.00      3.00     19.40     16.40     34.20      0.08
      constFold      1.00      2.00     20.00     11.00     26.00      0.02
         rename      1.00      3.00     19.00     16.00     25.00      0.02
        symbols      1.00      1.75     19.75     11.75     32.50      0.06
           bill      1.00      4.00     75.00     34.40    102.00      0.08
       increase      2.00      1.00     23.00     12.00     33.00      0.02
        incrone      1.00      2.00     21.00      9.00     24.00      0.02
         Totals      1.00      1.73     18.97     11.08     27.76      0.58
